4
10
3
2
7
6
2
7
4
1
1
8
1
9
2
4
7
6
2
9
4
8
1
6
4
7
5
1
3
4
2
6
3
4
8
10
10
9
7
4
10
7
1
1
6
2
4
2
7
6
10
1
3
10
7
7
7
1
7
9
5
9
5
8
3
3
7
2
2
3
5
1
10
6
1
6
7
5
7
4
10
7
5
3
7
1
9
3
2
6
2
6
4
7
3
7
9
10
8
10
3
2
1
2
7
2
7
4
7
4
8
7
1
3
9
7
3
8
10
5
4
1
1
7
8
3
3
7
3
1
7
5
3
7
7
9
9
3
3
5
7
1
1
7
3
9
3
6
7
2
10
10
3
10
7
1
3
10
7
5
10
3
10
2
10
6
1
8
9
4
3
5
4
3
1
7
2
4
2
8
6
2
8
9
1
4
9
4
3
6
9
3
9
8
4
9
3
5
7
1
8
9
6
2
2
7
9
3
10
10
1
6
2
9
4
3
2
3
6
5
9
4
7
7
2
10
5
4
5
2
5
2
10
10
4
1
6
2
4
6
2
5
1
3
3
5
5
5
7
1
9
6
5
5
3
6
5
8
10
9
9
4
1
8
4
4
8
10
5
2
5
6
6
6
8
9
10
3
3
7
3
1
2
7
6
4
2
1
1
1
9
9
5
9
7
8
3
5
8
7
6
3
2
2
8
10
10
8
2
3
5
4
3
7
1
9
1
3
9
1
